$ANSIBLE_VAULT;1.1;AES256
31313466636439366461323230366235626436643431373833626463313234626539373763313631
3236346338323934653561343238646336333639613262310a383036343165373365383934363863
37386233313361633935623166306235353831343934616335666437643866323064383932626161
6263343365376439630a323537376539626637366561363962633864326230336565636262386535
37326266613938333937323536633766386631393831653165346563643064613365376166633437
63306566393061376433633865396663356537633034646563323064326336336136313339303566
35663732306266343961316132343938373638306665633031333636616438633962616533376239
39633839353536376430383866326134313561383936326131303239396335396439626564613837
32323638306632303061653966376634363564366537643430623962626364363964663730386234
62393465633961613439613463396337383561313932373932373237653238353034346538386633
62626439333162643039383565343037306139643133323135653335356263366635386637356439
35626630363436363237623465623265333865323738353363303663653936376362346563366639
38616461636566346666636431386431623232386338653463623935303838323431356433346139
37373762376633393535386530613539626432633439306264663038623036323937306631666361
65356264623163316263313535393635643334356430363865336531366333626132326632353936
66626564386239613837663837616666653139343962386337303939363465663661333630356266
31626265613163313531396237346633666464313337613163656533616233656535336637613531
32323437333131303437653565323030343263636533656563363835313862653864333266613563
34663631613839663537623436663466353966653262383431643137333733643966626464393738
62313064383461386638613931396366623266396465396363313262306136633664313765396139
36393763333935663637613665326266393937653530363363386138346162346136323432633632
36343462386332623237326333386532646232343663666463613861626336313538333235383864
65656264316437623665316362316436613765663864373734653036613531303763356537366635
64663662366134306333396638636634393937343731666535373631303262326137383033306634
65313466653430346633313964643136346137663034616138323238646461613536303335323335
32366435666561326433346333323665653439356166346132633638623937346161613030653536
33663837356662633134626362663938663761643031386461373535346466616661376533663766
63393434636561626561643636383537316264336538336230613138313238663335616566646539
32323466393165613536376239326530343163616632643236646165643465383262393934663435
33343333646438366237643162303866303833633566333434323837386264313066636464306163
34643762363837373463303436613661623930373666646636633537333263646332613132653538
39636132313331396633306166646133646438633038643830383064636266316263616135386565
31386566396632363230303064353036613862623038373939353531363261613332666438393738
65653534323533323735343238376638383539373238643530666336633064313663653336313465
36316564653363623462323063383931643433636466393330656630336638353831616162353436
35356538633063643766623232323762303662393961366639353664363639323139666263343235
35313461313065303238356665353135353738383561303839363030396639663437336630363235
63633830343266326232353564346338333365653134613961313439356439346334336639373666
38373363616633323832306134353339383937656538343135643530383830306533366431376635
65623234306334653238616565313636383939393136666439306338363135663239656135316432
33396262303261626535356536303161653466363234646664383039613936616239623132363532
66326333316134363866646339396230376663396266393531623666323333613764383366646139
30336338656637323739646538346130666561666463363531613037306230323638633531346535
63386234303235363162313735333833386230323562353937396236316230363063643766613334
64373430366331636335373238613662343037363839393464346564336230306232353233316338
66653233376435653231316231303936393236646264653431313637653163356131653762316130
63633339386265383737623061383866343063616137366230306237366637653164623235323631
64646135343031653462666363313035326137623434656165343764646337653539316666313562
61316161653363346365316230306136386335303837613332356234323162363263393861333437
33333137306132313761306636623535353733376666396561643432653264316464626364303131
36646132366235666235383831353039346265623230626261373338386565336166353065353134
34616162363332643034613233373930363361656238333762356330366630646164623636306366
62636238336230366265393135656135393037306434353263323230633963643637346261383362
30643139363632626266313832386338613136663931623861383132626434393433313237386563
34373862656265346265306163326439343266393466353564623231366630626263303338663537
31643732313433326138613566303431386564313966626231323233623836623364613666653637
34383434383738323432653530333731346261326334356238643362373332646234353466306137
35393665643264306133336565353837306162373834653333393064626637396532393538656433
63373139666166646162666161376638386165623536346462396635613566366139353637613166
66313431343735636561393966343561303131383732663962326437633463363733666238653036
62396261636563363731323637313335363538663862366431323634313539353334616162626166
6166323731316166646334396261353630616130363765346464
