$ANSIBLE_VAULT;1.1;AES256
63343765663634666531626364356338343934636331393333396136653537343464633735616238
3534393631633736646130326363353966396162316230660a383163393164383262373031666366
34386531393465363733663763383966653530653335316464613230333465626233346236366262
6263633466666666380a346139626130623665643261663330633365386630643339316563613064
31333536656464613931316635336535303531336462346630653262663333653831373033306661
31636265393536316364633964316134343138376261383937306562333338633365653064333662
36613966373464346163316665613765623835623130386631656330623266376633333638373962
64626133656366316166663537376436643332633631653362393963666534343530616162303034
36323934373637343561393633636265633766303962393934333462366366326466653532336266
39333537663730346131383838373239633534333733363339663064616636323534373834333536
30373338323432633537653130616165313934333932633962373266393962633463386264616233
65396230376634353838613361636631653863313861396430323238626131363262636364613137
34336564653337633537356361643664653434316532633130326535316638336539653665323466
30373439656236353961653265333830313633393365353364613365626565653065663539643464
61333833313437303964333036396361633935316636646531356433346132643962623632353734
39393236363335623263333762393430643866663163383234303733386564663364633264303464
35306538393437623762323333306466303438343461656530393863653466336334383836346461
36366162393335323739613436393265656465633435336439653264383361343335663366303936
38306463663833663236356331323262353130326561356262346532613834363535366363613033
30316235663762613964386266643536373165616639383531396165303037306138393163636234
39346132663436353837613730316337333831383231626136306462383636353066616636303639
66373232333535636137663639616464663333333232386434303639363438656565333464363935
63653331383561323233346336343566336631643866373038356631646231396134333366383639
61373466623135363133323838653161306132653764393661333233373135633665623238313634
37363363643064313863323830333334653434373938653262303135316161323834343766383834
37393166336461376462343039656564343464303865306533326563616662623937653031393733
36316161626461386537323465373637326535326434363364356438636536386432343335346239
32363933653532303464343137376239343462366631666635653666633731646365666137386134
30623333333234353434313432656165306366316334313065616532653036353733626666636135
31623762393430346632326135626631653961363464303236363738343131356139643636633333
62353166343538326362633030663830613830363739303562303737623263303132306635633461
61366532303434626163343736653831303038393230393534303764633066383836653532656239
64646331643135356537363165336636373834633035333462613361343862623533633463353537
31366536366661306562663566313335336135636233366331323030343937623665656333633134
32653931393364353561663566313035633936353266636134646162396332343333626564386333
63326564353162353163373335383733363263323033363538343530613331396165333662616530
64306238323664336665393330373138333234393233626537613465633666666334316631353831
63386630363163653138393862626464363437323466636562666234343136656533626562653637
61386232623462336136666537353333633432393266363839313335396235623238623161303537
32333464646334653435376166323066643636653865373534396131323261376466613232636338
30343437346637613665376266353563653731363438333538303363363161633538343264313632
32356238643136353462623635663832643663313630393139383665663761376634653637633266
36306562623839666338656438386331646664643663653362376335396137386134636461633966
37373033616238633631643430656439313336646231643662346339363766616338616564653065
30623333306163663431356261656433356536383833383136663762636538396639326461303666
61383533373233346263353562616435383539653532363265636537626238373462666364356264
33303938356530363338336238616236343532656437646431643837636334316631383766313239
37633037643933653962646536623235353861656264386439333236626439343039616334633134
35313661636230373561666238633436323435383061343136343438393933653964313439343365
64616631346535373161336663373836306532333062616631343439386633323365363063323261
36663831383636356331386537356638623334633737326233386164306663653161353931353962
31303737306630356565363339663537336337323163333762353237313566336236336436316136
31376565353938616431363337366137336532363334346263643864633163636130653563623366
39313234323231353862363739326461313461646634393066393466353838373861383462663561
39386164373331303034386238306236613036636431386535633839363536323766366636366630
37393939626561393331303663353664373439643561303833376639633065656162636535613062
61663939356238623162316264316339316366333363363832353735643830356537373163666464
66333565393834333832353164376333383833656266326537383864623365376463333861303534
65666365643963396331326161383935333237333538353136626163643931336334336566363031
39363664376663633461323065636637326131663437656261363661363066353233393631356361
38356131303336636662623334633538666133656131616366353665653133653664383336616636
65343339653162306262313239393131316635623038653366653865356263376132366332656230
33343032373130353736366263616665623935303637386265323462656334306565616665653339
61393239643630633165653732653563666236393764383733373464643566343565383861323034
31386235643932633361663330373036353962343730303063373937383465653662
