$ANSIBLE_VAULT;1.1;AES256
36333963663638363135333038643964653133646364663835653466666231353632336135336266
6161343834346539373664366665643263626333396633390a616437303862353636653266633838
37313131373933366233306230396462653132666335333832373735323035363866353836656334
3263343137323534320a646165386638653066346432656364373861656663616232333466313636
37663037336536643364363530343430393632363763343564653231633162383030313234643439
63353964633761613939323863343261316561623339376566373732346664326539613066613936
35373832633832313932393131623566363237316639643239663238393361373165373438346535
61616266613538613532323566623238663430343363326237333461316261643838306162366630
37393832313533663265363961666361323965303561333834643537656364343464616663333733
38393737393461353930333232316330383238386239613637626562326661343564383664663837
64613664616265393431373432373037623765306334373361393730653734306337343430333532
63623062376231316564633635373662306265346161633639643664313138636138653161373663
62363265613730313061366463353165376461313433303965336532333636333063366133313364
39303730316635333366353835363832366233313737343530396562613832643632393635663134
34303065313931353339623864376130393037616537613533323932326138323965356235343763
39393935313463393533653230323633623531393837653432623836633734313165643664383961
63336665613333666136313135636331656230316236323132396332303466393164336661663737
36643961396232386331333134303362663062383033313065633230646330343063336464353734
65383439633734663766343331613265393231653835363936326338396635613337396437316662
39643639373566353832306466616431313534646430376530363262636532653461623064373931
63656135393435643437626635633731396439343538333463643961383730663631303836356162
39376334333036643866666564393561306462623030663139376365656333366162386136323266
33333365393334396538626362393966346366363064326132663138623231303761653362373135
37666238653439643236313838353534306133313361396166316534303438343637353837633735
65363538656537346536366661376230646163376631336562326331356533653266383562373466
64643266303934353762303565386630636633633564643365653433663834323733666565343961
37626663356534313564626366636464383464396235646536656330636438363236323063646537
64663538396561653563393065343936613435326264616633396162323465636665623262623535
34656466346638356563616637393663346166633739323831376130636566613233633638613738
34626635323839613434646532313764353331343537343935653966376664336433646431383634
64376336656663393131373462303330636462663562333662653537303635643161653139626464
35336366396233363632633733303839366236316231383631373161393566396662653963353130
33643666333430356335633635393439343066663964363339303065643065613363323462636566
32613637303938323865643037346563316361303866393539366136386162616166316631323932
62613436383836383664393030653632393831333838356466616530326537643263363366626163
39626134613735656431313061383931646238326537303039353861303562613332333830623737
34666562666636313534313064346161306330646231333732353661376532643761333263343132
34313466633634386338643661393135643561666534363262653966613764666262353134313137
30636661383436306165383431313830313636313135656235303663383566306235393930366536
61643066353032366431383562323730346466646462633831653035363165336436663032633639
63323763636562306466663766353133393262616536383463353462336266313131363234633736
36363034333465626266663839376266323937326338366339636138653931366632346638323361
35613764666435663861613738336639333534313465303566623938643263616431303133623132
39653365306439323538313166643365323966303635653365363235313636396664636465653431
35613639393530666636353039363435333062383536326666663138373265376334616537383533
30303432646632316132366535626530346136343333626535633937356164346362303866646231
64623037653433333138656231646464613033666534633830303936363566653437353338333035
35306431616363626533313463366638383832343166356561396465356631643139383931336638
66386461623165323862383663363466353438356137376463356238373263653463323535363334
34616631613339633963333530653363653732353932323538646234396233383339663666353337
64336263623965613738373664653339653436666531633463333563663839643665333536333962
34383537366232323861306333393165313566346164363362393366343262326333363865613838
33643935613164323066336235666662666132663636316363623835363335353566663335376662
35313363656133623664626266633033383466636537383938376465346434303135356163316161
35663965303837373732613835313161643034653935343436393362353539313561333934316338
66343536383835316235666136343330313761656638333464636538376264663564316434633739
35616237653233313534646139336563656435366237646461663431303032303030366233643964
36616536386330383932313437633832356439613238353164326235343531353832636339343138
64393934326263343834363035366530396530646365363236373633626234613331353361633833
64646333656532313166663932346665393138373461326464303835366230356365623163623634
39383365363761643866316231373538346435333661343735663435663634356139353963663037
37393661636537343563336639613365343739333264316634626636393433633636303932643637
62636464656637653263643664383264316339623630383865386332626637643331316166656339
34633739326630613264643836633736336137656634383762663761323036366533376233396633
32313163366437313038663537613930613035316133633737343733663762666262646465386661
36613865373937396161346534646634636336373030393331306339633263313261303663316664
30366262326335376365316236343135626430663661626339396361653034343962333065313930
63336339306231323264393637383561643564393433373162316430623032623066323965383861
65396162633034373630333864393762393765343765633361303932663236303062393531386434
38313265356563386462383566646364663139303633383935616233386635653433623632623036
34356137653136376166373733326463373931363339306439376135363734666237353735633337
62333665386535303061663734356438393334646666383934646463306437383465393462333735
6332
