$ANSIBLE_VAULT;1.1;AES256
36663063316230633338346565393661376364383161353537376664653439373961333531353266
3865333035613231373964346162363638386333346237350a323261393333363866313465393361
35656438333839636564383366393365313366613365663538356563663338613066623061623932
3137366366633936370a376231626339363631373431663661376265346365613934313564343333
36393063646365343230326166656537643932353865373363633566393030653164333032656433
32313734336531313765396137633837383633356662393136376463313462323264396130343036
36363235343530383139343165613832646531646233663964316331613339616332643262356636
31336231323565653765626636316236373764313537663636383638646536613236656465373764
30343834363933616636663034393033326265616166353934613337613266303237643639363661
31613632643062326338623464623034393638653733653738623161363465326133616264356664
65633935393136633862623262626262613662316563333162656531326365653935653363393330
63663133323836633865333561653237316465383262666163336162636635396334646237363034
63306138323936346565366636303734306337393966653638623430623334663863346366636166
63336536636330626231356339356263326433343034636465326164313935613635306233663437
64353236353438343462316532306461616161646237383565656461313534623661666331653433
63373635316464343362643232393834313330346332323333383030633235613835383061653236
36373736633335383632396133376366363532333532643636613731626337636566333832616635
61366535393437336535393862373836313938623564326336393538376639363764323864393732
32363061653962313363373237656136396662666530383064373436303863386161373836643462
61636532363037666465383935666631643230386335353030303966636361303531613736616536
32633666326664333334643134643139366666623632363835376634303738373337373933373230
35333835383735633865653432393362323138653766363332643265336362323532643466626431
62386431623064663262343239383239643563313932636435383930306137303339303162353362
66356533306561643633313462626466343831626635656433666639373230323933343762343534
30323162323731396233366433613039336139663662373535393465663239613034366532383235
35356430336438626238646331326632646364613133633736663565666333646137353231346566
63316437616162356530663332626239333535306331363430316131336136646430633461306531
39626238343566666430653135306465343730663562366137373164636563353665303232633763
32323635386661386530623265386138326137386464633633653561626238343634663063623636
62663665663461636361653337633062363136353862623534323532636463363036363035363062
32373431653230653863386436653632376135636339653734656563643163343766353438623433
30616134363964633034323335306461616163383464633366653365333631313565623262313933
31356334306438353562636630333664623534336631346130646535656261626232333464626534
61316366613961366662373737333461653337393862393837633736666135313264373932306330
346231616630306366356561643030373333
